80960302002
60901013002
31001028002
60902010008
60902010004
60901014004
80902348007
60901034004
60902010006
61001014004
80902330002
30902017002
60160486002
31002003006
61001014002
60902004002
31002003008
91001324002
81001628002
30901024002
41001003002
30902031002
61001004002
31002003002
61002008004
91002520002
91002305004
31002003004
61002024002
40901002004
40901002002
91001321002
91001518002
30902013006
30902013004
91001304002
80902346001
80902346005
30902013008
91002515004
91002515002
30902013002
80902346003
91001302001
50902003009
81001322001
50902003007
60901031002
30902018004
30902018002
30901010002
91002306002
31002031005
80801305002
80901307002
31002031001
60902024016
80902348003
60901034002
31002031003
61002002002
60902024014
60802031004
80902342002
61002022002
60160580002
60802031002
30901001002
91001317002
60901011002
80902348005
31002008002
70901001002
30902017004
31001021002
30902040004
30902031004
91001612002
60160745002
50910005002
11001407002
81002403002
91001314002
80901341002
61002005002
91002305002
31001007002
30901032002
60910012002
60910011002
50910003002
