80701509002
90701342002
10702305002
10602005002
10602005004
90601036001
90601035001
90601034002
90601034001
90701315002
30601029002
80660301002
60763003002
30601016002
30602024004
30602024002
90701319002
90701311002
90601324002
90701333002
80601002004
80601002002
10701407004
90601333002
30601007004
30601023002
90701317002
30601014001
30601021002
30602020004
30602020002
30602020001
40701001001
40660007002
40702003010
40702003002
40702003008
40702003004
40702003006
90701331002
80601309001
90701310002
90701314002
80402308012
80702324009
80702324004
80702324002
80702324008
80702324006
90701306002
40701002002
90701336002
90701312002
